8 1000
100 198
550 1563 56 23

Coordinates
1          -25  -1.5308e-15            0
2          -23  -1.4083e-15            0
3      -24.796       3.1858            0
4      -24.796      -3.1858            0
5      -22.761        3.305            0
6      -22.761       -3.305            0
7       -24.62  -1.5308e-15       4.3412
8      -22.651  -1.4083e-15       3.9939
9      -24.422      -3.1164       4.3412
10      -24.422       3.1164       4.3412
11      -22.419      -3.2289       3.9939
12      -22.419       3.2289       3.9939
13      -24.079       6.7243            0
14      -24.079      -6.7243            0
15      -23.927  -1.5308e-15       7.2442
16      -21.899       7.0318            0
17      -21.899      -7.0318            0
18       -21.83  -1.4083e-15       7.2438
19      -23.731      -6.5555       4.3412
20      -23.731       6.5555       4.3412
21       -21.59      -6.8486       3.9939
22       -21.59       6.8486       3.9939
23       -23.19       3.7028       8.1247
24      -23.118      -3.4584       8.3324
25       -20.98       3.8311       7.9924
26      -20.969      -3.8363       8.0154
27      -22.679  -1.5308e-15       10.519
28      -22.673       10.532            0
29      -22.673      -10.532            0
30      -22.375      -10.271       4.3412
31      -22.375       10.271       4.3412
32      -21.869       7.7959       8.0059
33      -20.251  -1.4083e-15       10.904
34      -20.194        11.01            0
35      -20.194       -11.01            0
36      -21.499      -7.5309       8.9541
37      -19.948       -10.73       3.9939
38      -19.948        10.73       3.9939
39      -19.397       8.2304       7.7417
40      -19.087      -8.6861       7.8477
41      -20.676  -1.5308e-15       14.053
42      -19.775       11.678       7.7699
43      -20.089       5.2093       13.154
44      -20.085      -3.7878       13.715
45      -20.406       14.443            0
46      -20.406      -14.443            0
47      -17.918      -4.5368       12.889
48      -19.429      -12.139       7.7912
49       -20.18      -14.105       4.3412
50       -20.18       14.105       4.3412
51      -17.715       4.9382       12.946
52      -17.633  -1.4083e-15       14.768
53      -17.443       14.992            0
54      -17.443      -14.992            0
55      -16.545       12.834       7.2299
56      -16.509      -12.714       7.4481
57      -17.285      -14.638       3.9939
58      -17.285       14.638       3.9939
59      -17.315      -9.3668       13.821
60      -17.723  -1.5308e-15       17.632
61      -14.847      -10.094       12.708
62      -17.136       18.203            0
63      -17.136      -18.203            0
64      -16.999       -17.81       4.3412
65      -16.999        17.81       4.3412
66      -14.117      -5.4018       16.638
67      -15.268       17.099       7.4562
68      -14.984       11.987       14.168
69       -14.87      -17.481       7.4124
70       -13.73  -1.4083e-15       18.452
71      -13.705       18.471            0
72      -13.705      -18.471            0
73      -13.585      -18.125       3.9939
74      -13.585       18.125       3.9939
75      -11.895       13.131       12.876
76      -12.097       17.291        7.007
77      -14.133       6.2684        19.06
78      -13.924      -5.5457       19.395
79      -11.261       -15.94       10.079
80        -12.9      -16.042       11.919
81      -13.491  -1.5308e-15       21.047
82      -13.337       21.146            0
83      -13.337      -21.146            0
84       -13.23      -20.764       4.3412
85       -13.23       20.764       4.3412
86      -9.8405       20.789            0
87      -9.8405      -20.789            0
88      -9.7492      -20.445       3.9939
89      -9.7492       20.445       3.9939
90      -11.041       20.499       7.2434
91      -10.856      -20.328       7.7575
92      -9.7278       18.013       12.593
93      -8.2291      -19.753       7.0494
94      -9.7301       11.734       18.908
95      -7.8112       19.629       7.7221
96       -7.519      -12.977       16.525
97      -7.9533  -1.4083e-15       21.581
98      -7.5617      -7.1609        20.12
99      -9.5478       23.105            0
100      -9.5478      -23.105            0
101      -9.4662      -22.728       4.3412
102      -9.4662       22.728       4.3412
103      -6.8901        8.738       19.682
104      -8.0012      -13.402       18.631
105      -6.1657       22.158            0
106      -6.1657      -22.158            0
107      -6.1026      -21.813       3.9939
108      -6.1026       21.813       3.9939
109      -5.3736       14.381       16.413
110      -7.4426      -7.1112       22.449
111      -7.2045       21.963       8.3233
112      -7.1676      -22.213       7.8215
113       -5.118      -18.464       11.781
114      -7.4872  -1.5308e-15       23.853
115      -7.2168       6.5412       22.791
116      -4.7654        18.31       12.214
117      -4.0397       -21.21       7.3203
118      -5.9921       24.271            0
119      -5.9921      -24.271            0
120      -5.9354      -23.894       4.3412
121      -5.9354       23.894       4.3412
122      -3.5422       21.139       7.7871
123      -4.8742       -20.38       12.732
124      -3.4484      -9.1492       21.155
125      -2.8608       22.821            0
126      -2.8608      -22.821            0
127       -2.828      -22.473       3.9939
128       -2.828       22.473       3.9939
129      -3.9154       17.706       16.607
130      -3.8003       21.084       12.182
131      -3.4221      -23.295       7.9118
132      -3.3171       23.339       7.8536
133      -2.7931       24.843            0
134      -2.7931      -24.843            0
135      -2.7634      -24.465       4.3412
136      -2.7634       24.465       4.3412
137  -8.9324e-16       8.4123       21.406
138  -7.7844e-17       21.871       7.1173
139  -5.5108e-16          -14       18.248
140  -3.1603e-16      -17.839       14.518
141  -7.7844e-17      -21.871       7.1173
142            0           23            0
143  -5.5108e-16           14       18.248
144  -3.1603e-16       17.839       14.518
145  -1.6122e-16       20.367       10.686
146  -8.9324e-16      -8.4123       21.406
147  -1.6122e-16      -20.367       10.686
148            0          -23            0
149  -1.2275e-16      -22.912       2.0046
150  -6.1256e-17       22.912       2.0046
151  -1.4083e-15  -1.4083e-15           23
152  -2.4456e-16      -22.651       3.9939
153  -2.4456e-16       22.651       3.9939
154  -1.0672e-15       17.923       17.429
155  -1.2733e-15      -13.878       20.794
156  -8.4683e-16       20.826        13.83
157  -6.3269e-16       22.765       10.333
158  -2.6582e-16        24.62       4.3412
159  -1.4511e-15       7.9616       23.698
160   -4.371e-16       23.959       7.1383
161  -1.2733e-15       13.878       20.794
162  -1.0672e-15      -17.923       17.429
163  -2.6582e-16       -24.62       4.3412
164  -1.3342e-16      -24.905       2.1789
165  -1.5308e-15  -1.5308e-15           25
166            0           25            0
167   -4.371e-16      -23.959       7.1383
168  -6.3269e-16      -22.765       10.333
169  -8.4683e-16      -20.826        13.83
170            0          -25            0
171  -6.6582e-17       24.905       2.1789
172  -1.4511e-15      -7.9616       23.698
173       2.8787      -22.467       3.9939
174       2.8787       22.467       3.9939
175       2.9138       22.815   1.1348e-17
176       2.9138      -22.815   1.1348e-17
177       3.6942      -21.143         7.69
178       3.7451       21.134       7.6823
179       4.9374       14.549       16.457
180       2.8081       -24.46       4.3412
181       2.8081        24.46       4.3412
182       2.8408       24.838   1.7395e-16
183       2.8408      -24.838   9.9153e-18
184       3.3269      -23.384       7.7248
185       5.2701      -4.3409       21.877
186       5.7747      -13.946       16.613
187       3.5274       23.301       7.8367
188       3.9327        23.97       2.5998
189       3.9327       -23.97       2.5998
190       2.3812       25.554       4.3412
191       2.3812      -25.554       4.3412
192       2.3988      -25.903            0
193       2.3988       25.903            0
194       5.8995       18.245       11.612
195       6.0098      -18.014       11.878
196       2.5817      -25.927       2.1843
197        2.583       25.928        2.184
198       4.4042      -20.852       12.241
199       6.1544      -21.798       3.9939
200       6.1544       21.798       3.9939
201       6.2225       22.142   5.2521e-17
202       6.2225      -22.142   5.2521e-17
203       4.9557       20.286       12.826
204       6.8977       8.7007       19.697
205       5.3864       14.237       19.216
206       7.4105      -19.934       7.5125
207        7.835       19.648       7.6593
208       6.0597      -14.435        18.76
209       5.9796      -23.883       4.3412
210       5.9796       23.883       4.3412
211       6.3035      -7.8388       22.578
212       7.9533  -1.4083e-15       21.581
213       6.0434       24.259   3.7005e-16
214       6.0434      -24.259   4.5401e-17
215       8.4834       -6.837        19.83
216       6.9141      -22.549       7.2788
217       6.8506       7.4785       22.585
218       6.9947       22.427       7.4858
219         4.75      -26.618       2.2015
220       4.8718      -26.576            0
221       4.8718       26.576            0
222       4.8401       26.257       4.3412
223       4.8401      -26.257       4.3412
224       4.7555       26.619       2.2003
225       7.4872  -1.5308e-15       23.853
226       9.7459      -20.447       3.9939
227       9.7459       20.447       3.9939
228       9.8453       20.786   1.3555e-16
229       9.8453      -20.786   1.3555e-16
230       11.039      -17.543       7.8708
231       11.574       11.653       14.666
232       11.584       17.473       7.3415
233       9.4586      -22.731       4.3412
234       9.4586       22.731       4.3412
235       9.5521       23.103    5.849e-16
236       9.5521      -23.103   1.1615e-16
237       12.449      -12.234        13.25
238       10.817      -20.407       7.6436
239       11.322      -16.867       12.526
240       11.234       20.087       7.7392
241       7.3972      -27.013            0
242       7.3972       27.013            0
243       7.3546       26.725       4.3412
244       7.3546      -26.725       4.3412
245       7.3204      -27.227        2.374
246       7.3254       27.228        2.373
247       12.141       15.331       13.587
248        9.247      -24.918       2.9331
249       9.2484       24.917       2.9326
250        13.48      -18.203       3.9939
251        13.48       18.203       3.9939
252       13.611       -18.54   2.7309e-16
253       13.611        18.54   2.7309e-16
254        13.73  -1.4083e-15       18.452
255        12.84      -11.381       16.813
256       12.765       7.2374       19.641
257       13.124       -20.83       4.3412
258       13.124        20.83       4.3412
259       13.248      -21.201    2.326e-16
260       13.248       21.201   8.1119e-16
261       11.165       24.289       4.3412
262       11.165      -24.289       4.3412
263       13.491  -1.5308e-15       21.047
264        16.31      -12.997       7.3903
265       16.333        13.02       7.3215
266       14.077      -4.8311       19.548
267       9.9525      -27.211            0
268       9.9525       27.211            0
269       9.9021       26.952       4.3412
270       9.9021      -26.952       4.3412
271        16.87      -4.2861       14.338
272       15.317      -17.672       6.5147
273       9.8997      -27.624       2.4795
274       9.9035       27.624       2.4794
275        17.41       5.2033         13.2
276       15.828       17.051       6.7225
277       17.069       -14.89       3.9939
278       17.069        14.89       3.9939
279       17.237      -15.228   4.7591e-16
280       17.237       15.228   4.7591e-16
281       17.633  -1.4083e-15       14.768
282       18.765      -8.2092       8.9004
283       13.494      -24.381   4.4222e-16
284       13.494       24.381   6.0383e-16
285        17.67      -13.312        9.145
286       13.465       24.166       4.3412
287       13.465      -24.166       4.3412
288       16.774      -18.022       4.3412
289       16.774       18.022       4.3412
290       19.237        8.502       7.7682
291       16.931      -18.395   4.0447e-16
292       16.931       18.395   1.0367e-15
293       13.311      -25.363       2.1252
294       13.311       25.365       2.1262
295       18.013       6.2687       15.295
296       18.064      -4.5529       15.931
297       17.723  -1.5308e-15       17.632
298       19.789       -11.02       3.9939
299       19.789        11.02       3.9939
300       12.515      -27.168            0
301       12.515       27.168            0
302        12.46       26.937       4.3412
303        12.46      -26.937       4.3412
304        20.04      -11.287   7.1719e-16
305        20.04       11.287   7.1719e-16
306       20.251  -1.4083e-15       10.904
307        19.45       10.818       9.2836
308       20.786      -3.7825       8.4573
309       12.498        -27.8        2.527
310       12.499         27.8       2.5279
311       20.913       3.9846       8.0601
312       15.719      -23.444   4.4222e-16
313        15.72       23.444   6.0383e-16
314       15.643       23.193       4.3412
315       15.643      -23.193       4.3412
316       21.511      -7.0935       3.9939
317       21.511       7.0935       3.9939
318       20.533      -7.6495       10.573
319       21.821      -7.2708   9.6314e-16
320       21.821       7.2708   9.6314e-16
321       21.829  -1.4083e-15       7.2438
322       19.973      -14.396       4.3412
323       19.973       14.396       4.3412
324       20.211      -14.715   6.2978e-16
325       20.211       14.715   1.2375e-15
326       22.401      -3.3518       3.9939
327       22.401       3.3518       3.9939
328       20.676  -1.5308e-15       14.053
329       22.651  -1.4083e-15       3.9939
330       22.743      -3.4271   1.1985e-15
331       22.743       3.4271   1.1985e-15
332       21.158       4.2349       11.981
333       15.885       24.859       2.1786
334       21.303      -3.1265       12.122
335       18.254      -20.584       2.5096
336           23  -1.4083e-15   1.4083e-15
337       15.062      -26.884            0
338       15.062       26.884            0
339       15.004        26.68       4.3412
340       15.004       -26.68       4.3412
341       16.312       -24.98       1.7973
342       22.288       7.4344       7.4359
343       22.233      -10.576       4.3412
344       22.233       10.576       4.3412
345       22.536      -10.823   8.6811e-16
346       22.536       10.823   1.3799e-15
347       22.679  -1.5308e-15       10.519
348       15.104       27.738        2.546
349       15.104      -27.738       2.5446
350       23.041       3.5576       8.5745
351       23.082      -3.5483        8.374
352       18.011      -23.441   4.4222e-16
353       18.011       23.441   6.0383e-16
354       17.978       23.273       4.3412
355       17.978      -23.273       4.3412
356       23.663      -6.7999       4.3412
357       23.663       6.7999       4.3412
358       23.927  -1.5308e-15       7.2442
359       24.011       -6.961   1.1046e-15
360       24.011        6.961   1.4703e-15
361       22.558       13.751       1.4324
362       24.407      -3.2339       4.3412
363       24.407       3.2339       4.3412
364        24.62  -1.5308e-15       4.3412
365       24.781       -3.302   1.3286e-15
366       24.781        3.302   1.5174e-15
367           25  -1.5308e-15   1.5308e-15
368       17.572      -26.362            0
369       17.572       26.362            0
370       17.513       26.184       4.3412
371       17.513      -26.184       4.3412
372       20.156       21.921   6.0383e-16
373       20.101       21.741       4.3412
374       19.364      -23.744       1.8984
375       20.183      -22.656   4.4222e-16
376       20.151      -22.509       4.3412
377       17.508       27.485       1.7791
378       17.508      -27.486       1.7805
379       21.983       18.648       4.3412
380       22.941       -16.72   4.4222e-16
381       22.156       18.899   6.0383e-16
382        22.94       -16.61       4.3412
383       21.528       20.831       2.5411
384       21.892      -21.052   4.4222e-16
385       21.839      -20.888       4.3412
386       20.777        23.51       2.1197
387       20.021      -25.606            0
388       20.021       25.606            0
389       19.964       25.451       4.3412
390       19.964      -25.451       4.3412
391        24.46       15.407       4.3412
392       22.272       21.671   6.0383e-16
393           25       15.444   6.0383e-16
394       19.982       26.973       2.1234
395       19.982      -26.973       2.1236
396        22.65       21.715       4.3412
397       26.718      -9.4609       1.7604
398       22.886       -22.56       2.0729
399       27.721      -5.1975       1.7442
400       28.041  -2.7082e-12       4.3412
401       28.328  -2.8457e-15    1.139e-15
402       24.259      -20.494   4.4222e-16
403        26.19      -15.213   4.4222e-16
404       22.388      -24.623            0
405       22.388       24.623            0
406       24.232      -20.385       4.3412
407       22.334        24.49       4.3412
408       22.334       -24.49       4.3412
409        26.13      -15.105       4.3412
410        23.89       21.983       2.3017
411       24.396       21.014   6.0383e-16
412       24.418       20.927       4.3412
413       27.513       12.119   6.0383e-16
414       22.311       26.203       2.2495
415       22.311      -26.203       2.2493
416        27.48       12.744       4.3412
417       27.875      -11.824   4.4222e-16
418       27.769      -11.722       4.3412
419       25.833       19.231   6.0383e-16
420         25.7       19.126       4.3412
421       24.923      -21.455       2.0867
422       26.139      -18.743   4.4222e-16
423       26.107      -18.646       4.3412
424       25.622       20.657       2.0392
425       24.652      -23.422            0
426       24.652       23.422            0
427       24.603       23.309       4.3412
428       24.603      -23.309       4.3412
429       27.823      -15.372       2.4438
430        29.21       9.3351       4.3412
431       29.477       9.4159   6.0383e-16
432       30.003      -7.6064   4.4222e-16
433       24.502       25.222       2.2207
434       24.502      -25.222       2.2206
435       30.013      -7.5708       4.3412
436       27.858       17.607   6.0383e-16
437       27.838       17.529       4.3412
438       30.633       5.7646   6.0383e-16
439       29.758       11.432       1.9465
440       27.554       -19.36       1.6324
441       30.644       5.7385       4.3412
442       28.238      -17.783   4.4222e-16
443       31.087      -3.8717   4.4222e-16
444       28.203        -17.7       4.3412
445       28.605      -16.837       2.5486
446       26.793      -22.014            0
447       26.793       22.014            0
448       29.025       15.761   6.0383e-16
449       26.749       21.919       4.3412
450       26.749      -21.919       4.3412
451       29.507       14.241       2.4335
452         31.1      -3.8545       4.3412
453       29.438      -15.923   4.4222e-16
454        31.77  -4.2062e-15   7.3358e-16
455       31.606  -5.5295e-12       4.3412
456       29.423      -15.857       4.3412
457       29.219       17.001       1.9266
458        26.57       24.005       2.3167
459       26.571      -24.005       2.3162
460       31.469      -8.4305       1.7299
461       29.823        15.96       4.3412
462       28.792       -20.41            0
463       28.792        20.41            0
464       30.853      -14.097   4.4222e-16
465       30.853       14.097   6.0383e-16
466       28.754       20.331       4.3412
467       28.754      -20.331       4.3412
468       30.842      -14.044       4.3412
469        30.93       14.343       4.3412
470        31.83      -11.745   4.4222e-16
471       28.495       22.597       2.2667
472       28.495      -22.597       2.2664
473       31.806      -11.695       4.3412
474       31.008       15.642       2.2147
475        32.09       12.147   6.0383e-16
476       32.083       12.104       4.3412
477       30.632      -18.625            0
478       30.632       18.625            0
479       31.405      -16.017       2.5274
480         30.6        18.56       4.3412
481         30.6       -18.56       4.3412
482       33.138       10.088   6.0383e-16
483       33.134       10.055       4.3412
484       30.273       20.976       2.2553
485       30.273      -20.976        2.255
486       33.442      -10.012   4.4222e-16
487       32.985       12.337       1.9527
488       33.438        -9.98       4.3412
489       33.142       -12.37       2.2964
490       33.987      -7.9408   4.4222e-16
491       34.578       3.1909   6.0383e-16
492       32.295       16.675            0
493       32.295      -16.675            0
494       33.987      -7.9159       4.3412
495       34.701      -2.8534   4.4222e-16
496       34.541       3.1809       4.3412
497        32.27       16.623       4.3412
498        32.27      -16.623       4.3412
499       34.283       7.8361   6.0383e-16
500       34.664      -2.8451       4.3412
501       34.631       5.7228   6.0383e-16
502       34.282       7.8125       4.3412
503       35.035  -5.4963e-15   3.4913e-16
504       34.634       5.7056       4.3412
505        31.89       19.162       2.1225
506        31.89      -19.162       2.1227
507       34.964  -8.1863e-12       4.3412
508       34.915      -5.5908   4.4222e-16
509       34.481      -9.2522       2.4093
510       34.917      -5.5747       4.3412
511       33.768       14.578            0
512       33.768      -14.578            0
513       33.748       14.536       4.3412
514       33.748      -14.536       4.3412
515       33.305       17.143       1.7783
516       33.305      -17.144       1.7797
517       35.037       12.351            0
518       35.037      -12.351            0
519       35.023       12.319       4.3412
520       35.023      -12.319       4.3412
521       34.596       14.928       2.5392
522       34.596      -14.928       2.5377
523       36.091       10.015            0
524       36.091      -10.015            0
525       35.689        12.56       2.5196
526        35.69      -12.558       2.5187
527       36.082       9.9906       4.3412
528       36.082      -9.9906       4.3412
529       36.971      -2.2122       2.1773
530       36.921       7.5899            0
531       36.921      -7.5899            0
532       36.561       10.103       2.4695
533       36.562        -10.1       2.4696
534       36.915       7.5726       4.3412
535       36.915      -7.5726       4.3412
536       37.221       7.5713       2.3613
537       37.222      -7.5663       2.3623
538       37.518       5.0976            0
539       37.518      -5.0976            0
540       37.516       5.0865       4.3412
541       37.516      -5.0865       4.3412
542       37.676        4.957       2.1872
543       37.677      -4.9514       2.1884
544       37.879       2.5601            0
545       37.879      -2.5601            0
546           38  -6.6679e-15            0
547           38  -5.2977e-12       2.1706
548       37.879       2.5547       4.3412
549       37.879      -2.5547       4.3412
550           38  -1.0589e-11       4.3412
EndCoordinates

Elements
1 183 192 220 219
2 193 182 221 224
3 190 222 181 224
4 180 223 191 219
5 190 181 158 171
6 163 180 191 164
7 170 192 183 164
8 193 166 182 171
9 412 396 427 410
10 412 396 410 379
11 469 461 497 474
12 469 461 474 451
13 427 412 410 449
14 396 427 410 407
15 447 426 411 410
16 411 426 392 410
17 392 411 410 381
18 469 461 451 416
19 461 497 474 480
20 528 535 533 494
21 532 534 527 502
22 525 527 519 483
23 520 528 526 488
24 444 456 481 445
25 444 456 445 409
26 442 477 453 445
27 453 442 445 403
28 442 477 445 462
29 525 532 527 483
30 528 533 526 488
31 420 412 449 424
32 420 412 424 379
33 488 494 528 533
34 504 502 534 536
35 501 530 499 536
36 486 524 490 509
37 490 486 509 460
38 535 541 537 510
39 369 377 338 333
40 369 377 333 394
41 536 540 534 504
42 337 378 368 341
43 378 368 341 395
44 521 525 519 487
45 525 519 487 483
46 520 526 522 489
47 520 526 489 488
48 196 219 192 183
49 192 196 183 164
50 197 193 224 182
51 197 193 182 171
52 513 521 519 487
53 535 537 533 494
54 520 522 514 489
55 532 536 534 502
56 467 444 481 445
57 497 469 474 513
58 273 244 270 248
59 270 273 248 309
60 511 515 492 474
61 515 492 474 505
62 269 243 274 249
63 274 269 249 310
64 493 516 512 464
65 419 447 411 424
66 411 419 424 381
67 447 411 424 410
68 411 424 410 381
69 219 196 191 180
70 196 191 180 164
71 309 270 303 262
72 302 269 310 261
73 190 197 224 181
74 190 197 181 171
75 493 506 516 445
76 245 223 244 209
77 243 222 246 210
78 302 310 348 294
79 302 310 294 261
80 349 309 303 293
81 309 303 293 262
82 273 245 244 248
83 243 246 274 249
84 302 348 339 294
85 340 349 303 293
86 541 549 543 500
87 542 548 540 496
88 412 449 424 410
89 424 412 410 379
90 541 543 537 510
91 543 545 539 495
92 538 544 542 491
93 536 542 540 504
94 513 521 487 474
95 522 514 489 468
96 530 523 499 532
97 531 539 508 537
98 518 524 486 509
99 338 369 333 313
100 368 337 341 312
101 245 244 248 209
102 243 246 249 210
103 547 549 550 507
104 550 548 547 507
105 244 270 248 233
106 269 243 249 234
107 546 545 547 503
108 547 544 546 503
109 449 458 471 424
110 472 459 450 446
111 521 525 487 517
112 423 444 467 440
113 423 444 440 409
114 422 462 442 440
115 442 422 440 403
116 462 442 440 445
117 442 440 445 403
118 526 522 489 518
119 245 219 223 209
120 222 224 246 210
121 170 148 134 164
122 170 148 164 183
123 166 133 142 171
124 142 166 171 182
125 196 219 183 180
126 471 484 466 463
127 467 485 472 440
128 224 197 182 181
129 525 487 517 523
130 489 526 518 509
131 477 453 445 493
132 419 447 424 463
133 433 458 427 410
134 428 459 434 425
135 348 339 294 333
136 340 349 293 341
137 461 437 480 457
138 456 468 498 479
139 456 468 479 418
140 286 261 302 294
141 286 261 294 258
142 262 287 303 293
143 262 287 293 257
144 483 476 519 487
145 483 476 487 430
146 476 519 487 513
147 355 376 390 374
148 355 376 374 335
149 310 348 294 301
150 294 310 301 249
151 349 309 293 300
152 309 293 300 248
153 475 511 465 487
154 482 517 475 487
155 475 482 487 431
156 453 493 464 445
157 352 387 375 374
158 375 352 374 335
159 387 375 374 404
160 352 387 374 341
161 407 414 433 405
162 434 415 408 404
163 220 241 214 245
164 242 221 213 246
165 148 126 134 149
166 125 142 133 150
167 506 477 485 445
168 484 478 505 457
169 478 505 457 492
170 415 387 395 374
171 394 388 414 389
172 461 474 451 457
173 461 474 457 480
174 506 477 445 493
175 484 505 480 457
176 481 506 485 445
177 461 437 457 451
178 543 539 537 508
179 536 538 542 501
180 422 462 440 446
181 220 183 219 214
182 219 220 214 245
183 494 510 535 537
184 502 483 527 532
185 476 469 513 487
186 340 378 349 341
187 348 377 339 333
188 182 221 224 213
189 221 224 213 246
190 474 469 451 487
191 490 486 460 432
192 337 349 378 341
193 377 348 338 333
194 499 523 482 532
195 490 531 508 537
196 302 286 294 339
197 287 303 293 340
198 150 128 153 158
199 153 150 158 174
200 152 127 149 163
201 149 152 163 173
202 485 462 472 440
203 175 182 142 150
204 176 148 183 149
205 458 433 426 410
206 447 471 458 424
207 388 394 369 333
208 368 395 387 341
209 541 543 510 500
210 538 536 530 501
211 514 520 489 473
212 427 458 449 410
213 415 395 390 374
214 450 459 428 421
215 522 516 514 479
216 513 515 521 474
217 128 153 158 138
218 152 127 163 141
219 448 478 436 457
220 436 448 457 451
221 478 436 457 463
222 448 478 457 492
223 466 484 480 457
224 481 485 467 445
225 543 539 508 495
226 428 450 421 406
227 449 471 466 424
228 467 472 450 440
229 476 469 487 451
230 444 467 440 445
231 440 444 445 409
232 480 437 466 457
233 390 376 408 374
234 481 456 498 445
235 389 354 370 333
236 498 468 514 479
237 371 355 390 374
238 470 518 486 489
239 486 470 489 460
240 517 475 487 511
241 473 488 520 489
242 473 488 489 460
243 523 517 482 487
244 388 369 353 333
245 369 353 333 313
246 353 333 313 314
247 300 337 283 293
248 283 300 293 236
249 337 283 293 341
250 511 492 465 474
251 492 465 474 448
252 465 474 448 451
253 338 301 284 294
254 301 284 294 235
255 284 338 294 333
256 368 387 352 341
257 352 368 341 312
258 341 352 312 335
259 426 405 392 410
260 425 446 402 421
261 446 402 421 440
262 402 425 421 384
263 425 446 421 459
264 524 531 490 509
265 421 428 406 385
266 450 421 406 440
267 171 158 136 150
268 171 158 150 181
269 163 164 135 149
270 163 164 149 180
271 219 223 209 180
272 222 224 210 181
273 246 274 249 242
274 273 245 248 241
275 389 414 407 386
276 408 415 390 374
277 152 163 173 141
278 158 153 174 138
279 407 389 386 373
280 465 475 487 439
281 516 522 512 464
282 511 521 515 474
283 421 402 384 380
284 392 372 381 383
285 392 372 383 386
286 392 372 386 405
287 407 433 427 410
288 428 434 408 398
289 408 428 398 385
290 537 531 533 509
291 533 537 509 494
292 532 530 536 499
293 481 506 445 498
294 404 434 425 398
295 425 404 398 384
296 426 433 405 410
297 286 294 339 333
298 293 287 340 341
299 374 352 341 335
300 387 395 374 341
301 449 424 410 458
302 387 415 404 374
303 405 414 388 386
304 388 405 386 372
305 480 505 497 474
306 509 533 494 488
307 494 509 488 460
308 509 533 488 526
309 509 533 526 524
310 509 533 524 531
311 462 485 477 445
312 478 484 463 457
313 449 420 424 466
314 338 301 294 348
315 300 337 293 349
316 424 447 410 458
317 446 472 462 440
318 463 471 447 424
319 372 383 386 373
320 383 386 373 396
321 373 383 396 379
322 383 396 379 410
323 383 396 410 386
324 241 273 267 248
325 268 274 242 249
326 390 395 371 374
327 370 394 389 333
328 505 480 457 474
329 337 349 341 293
330 348 338 333 294
331 414 407 386 405
332 447 458 426 410
333 498 516 506 445
334 505 515 497 474
335 515 497 474 513
336 440 462 445 485
337 134 126 119 135
338 125 133 118 136
339 213 182 175 188
340 182 175 188 150
341 176 183 214 189
342 176 183 189 149
343 525 523 532 487
344 436 463 419 424
345 274 268 310 249
346 309 267 273 248
347 383 392 386 410
348 383 392 410 381
349 518 526 524 509
350 410 396 407 386
351 487 517 511 521
352 283 293 341 257
353 294 284 333 258
354 267 309 300 248
355 301 310 268 249
356 354 314 370 333
357 315 355 371 341
358 196 183 164 180
359 182 197 171 181
360 355 376 335 288
361 395 378 371 341
362 378 371 341 340
363 434 425 398 428
364 370 377 394 333
365 370 377 333 339
366 498 456 479 445
367 456 479 445 409
368 406 423 450 440
369 333 338 313 284
370 313 333 284 258
371 337 341 312 283
372 341 312 283 257
373 1 2 3 7
374 2 1 4 7
375 402 446 422 440
376 287 315 340 341
377 314 286 339 333
378 386 373 396 407
379 459 428 421 425
380 511 487 521 474
381 474 451 457 448
382 457 474 448 492
383 457 474 492 505
384 450 459 421 446
385 406 421 385 380
386 512 522 518 489
387 518 512 489 470
388 512 522 489 464
389 437 420 466 424
390 375 404 384 398
391 384 375 398 335
392 465 475 439 413
393 542 540 504 496
394 486 509 460 489
395 376 385 408 398
396 376 385 398 335
397 468 473 514 489
398 468 473 489 470
399 464 512 470 489
400 470 464 489 468
401 464 453 445 429
402 453 445 429 403
403 283 312 259 257
404 313 284 260 258
405 126 106 119 120
406 105 125 118 121
407 333 370 339 314
408 371 341 340 315
409 175 201 213 188
410 202 176 214 189
411 373 383 379 292
412 451 469 416 476
413 469 474 513 487
414 375 374 404 398
415 538 542 501 491
416 315 355 341 335
417 354 314 333 353
418 467 485 440 445
419 2 5 3 10
420 6 2 4 9
421 386 392 405 410
422 450 423 467 440
423 514 516 498 479
424 516 498 479 445
425 509 490 460 494
426 336 367 366 364
427 367 336 365 364
428 436 457 463 424
429 518 486 489 509
430 461 451 416 437
431 486 470 460 432
432 475 487 439 431
433 287 257 315 341
434 314 258 286 333
435 404 434 398 408
436 465 474 451 487
437 509 488 460 489
438 509 488 489 526
439 479 516 445 493
440 479 516 493 464
441 493 479 464 445
442 479 464 445 429
443 445 479 429 409
444 331 336 366 363
445 336 330 365 362
446 522 514 468 479
447 398 425 384 421
448 398 425 421 428
449 421 398 428 385
450 384 398 421 385
451 372 388 353 386
452 353 372 386 373
453 532 525 487 483
454 373 354 389 386
455 373 354 386 353
456 202 214 236 199
457 213 201 235 200
458 422 402 440 380
459 134 148 149 164
460 148 149 164 183
461 142 133 150 171
462 150 142 171 182
463 448 465 451 413
464 3 5 13 10
465 6 4 14 9
466 465 511 474 487
467 490 531 537 509
468 119 106 100 120
469 105 118 99 121
470 419 436 424 393
471 389 414 386 388
472 201 213 188 200
473 214 202 189 199
474 270 248 233 262
475 248 233 262 236
476 270 248 262 309
477 249 269 234 261
478 234 249 261 235
479 249 269 261 310
480 429 445 409 380
481 488 494 460 435
482 504 502 536 499
483 126 134 149 135
484 133 125 150 136
485 375 374 398 335
486 241 214 245 248
487 213 242 246 249
488 286 294 333 258
489 293 287 341 257
490 136 171 150 133
491 164 135 149 134
492 522 516 479 464
493 355 371 341 374
494 460 490 432 443
495 388 353 386 333
496 374 355 335 341
497 376 374 335 398
498 408 376 398 374
499 331 366 360 363
500 365 330 359 362
501 164 149 180 183
502 150 171 181 182
503 394 388 389 333
504 213 182 188 224
505 182 188 224 181
506 188 224 181 210
507 181 188 210 174
508 181 188 174 150
509 188 210 174 200
510 188 210 200 213
511 210 181 174 187
512 210 174 200 178
513 174 188 200 201
514 188 224 210 213
515 182 188 181 150
516 174 181 150 158
517 174 181 158 138
518 183 214 189 219
519 189 183 219 180
520 219 189 180 209
521 189 180 209 173
522 189 180 173 149
523 209 189 173 199
524 209 189 199 214
525 180 209 173 184
526 173 209 199 177
527 189 173 199 202
528 219 189 209 214
529 189 183 180 149
530 173 180 184 167
531 180 173 149 163
532 180 173 163 167
533 537 509 494 508
534 354 389 386 333
535 473 489 470 460
536 158 136 150 128
537 158 136 128 160
538 136 150 128 125
539 135 163 149 127
540 135 163 127 167
541 149 135 127 126
542 509 490 494 508
543 376 385 335 288
544 429 453 403 417
545 202 236 229 199
546 235 201 228 200
547 509 490 508 537
548 181 160 158 138
549 160 158 138 128
550 523 482 532 487
551 16 13 5 20
552 14 17 6 19
553 439 475 431 413
554 431 439 413 430
555 315 355 335 288
556 484 466 463 457
557 181 174 187 138
558 105 99 86 102
559 100 106 87 101
560 437 466 457 424
561 415 408 404 374
562 448 436 393 451
563 244 248 209 233
564 249 243 210 234
565 29 17 14 19
566 16 28 13 20
567 543 537 510 508
568 464 453 429 417
569 379 383 410 381
570 499 501 536 504
571 495 545 503 500
572 372 383 373 292
573 375 352 335 291
574 532 536 502 499
575 437 420 424 391
576 479 464 429 418
577 229 236 259 226
578 235 228 260 227
579 331 360 320 357
580 319 359 330 356
581 406 423 440 382
582 407 410 386 405
583 445 429 403 380
584 173 189 149 176
585 173 189 176 202
586 188 174 150 175
587 188 174 175 201
588 494 510 537 508
589 372 381 383 292
590 500 507 549 503
591 333 313 314 258
592 320 360 346 357
593 319 345 359 356
594 248 209 233 236
595 210 249 234 235
596 407 433 410 405
597 450 472 446 440
598 310 294 261 249
599 294 261 249 235
600 293 309 262 248
601 262 293 248 236
602 384 398 385 335
603 86 99 82 102
604 100 87 83 101
605 224 213 246 210
606 214 219 245 209
607 421 450 446 440
608 502 483 532 499
609 473 488 460 435
610 536 542 504 501
611 503 454 495 500
612 464 470 417 418
613 371 341 374 395
614 504 441 502 499
615 501 499 438 504
616 398 404 408 374
617 7 15 9 8
618 7 15 8 10
619 9 7 8 2
620 8 7 10 2
621 507 500 455 503
622 431 439 430 487
623 267 241 248 236
624 242 268 249 235
625 439 465 413 451
626 413 439 451 416
627 439 451 416 487
628 439 465 451 487
629 451 413 416 393
630 402 421 440 380
631 544 491 503 496
632 422 440 403 380
633 463 471 424 466
634 261 258 234 235
635 233 257 262 236
636 468 418 473 470
637 29 35 17 21
638 34 28 16 22
639 136 128 160 132
640 136 128 132 121
641 136 128 121 125
642 127 135 167 131
643 127 135 131 120
644 127 135 120 126
645 379 383 381 292
646 437 457 451 391
647 386 389 388 333
648 548 507 496 503
649 46 35 29 37
650 34 45 28 38
651 229 259 252 226
652 260 228 253 227
653 325 305 346 299
654 304 324 345 298
655 504 542 496 501
656 542 501 491 496
657 346 305 320 317
658 304 345 319 316
659 543 510 500 508
660 384 375 335 291
661 508 543 495 500
662 419 424 381 393
663 358 363 364 329
664 364 358 329 362
665 363 364 329 336
666 329 364 362 336
667 510 452 500 508
668 252 259 291 250
669 260 253 292 251
670 457 436 451 393
671 352 312 335 291
672 543 545 495 500
673 470 460 432 418
674 508 495 443 500
675 489 522 468 479
676 468 489 479 464
677 479 468 464 418
678 489 479 464 522
679 549 543 500 529
680 549 543 529 547
681 529 549 547 503
682 547 529 503 545
683 547 529 545 543
684 529 545 543 500
685 500 549 529 503
686 529 503 545 500
687 86 82 71 85
688 83 87 72 84
689 451 448 413 393
690 454 503 491 496
691 333 354 353 386
692 494 460 435 443
693 544 542 491 496
694 482 499 532 483
695 181 160 138 187
696 160 138 187 157
697 160 138 157 132
698 160 138 132 128
699 424 410 381 379
700 548 542 544 496
701 423 382 409 440
702 421 406 440 380
703 385 382 406 380
704 547 544 503 548
705 248 245 209 214
706 246 249 210 213
707 455 496 507 503
708 479 429 409 418
709 429 409 418 403
710 429 409 403 380
711 209 216 233 199
712 209 216 199 177
713 233 209 199 236
714 216 233 199 206
715 199 216 206 177
716 216 206 177 198
717 163 127 167 141
718 167 163 141 173
719 127 167 141 131
720 167 141 131 168
721 167 141 168 184
722 167 141 184 173
723 71 82 62 85
724 83 72 63 84
725 547 549 507 503
726 548 547 507 503
727 413 439 416 430
728 439 416 430 476
729 430 439 476 487
730 439 476 487 416
731 127 117 107 120
732 107 127 120 106
733 117 107 120 112
734 107 120 112 101
735 107 120 101 106
736 440 445 403 380
737 451 416 437 391
738 451 416 391 393
739 487 532 483 482
740 483 487 482 431
741 490 460 494 443
742 279 291 324 277
743 292 280 325 278
744 229 236 226 199
745 235 228 227 200
746 199 209 214 236
747 210 200 213 235
748 496 441 504 438
749 432 460 443 435
750 432 460 435 418
751 11 18 8 15
752 18 8 15 12
753 416 451 476 487
754 138 157 132 122
755 132 138 122 128
756 122 132 128 121
757 157 132 122 130
758 53 62 45 58
759 63 54 46 57
760 214 241 236 248
761 242 213 235 249
762 457 436 393 424
763 491 501 438 496
764 216 233 206 238
765 206 216 238 198
766 424 420 379 391
767 117 107 112 93
768 112 117 93 113
769 107 112 93 101
770 112 93 101 91
771 112 93 91 113
772 234 218 210 200
773 210 234 200 235
774 218 210 200 178
775 234 218 200 207
776 218 200 207 178
777 207 218 178 203
778 279 324 304 277
779 325 280 305 278
780 268 301 249 235
781 300 267 248 236
782 46 54 35 57
783 53 45 34 58
784 141 168 184 177
785 184 141 177 173
786 177 184 173 209
787 15 27 24 18
788 15 27 18 23
789 24 15 18 11
790 18 15 23 12
791 27 24 18 33
792 18 27 33 25
793 141 131 168 147
794 168 141 147 177
795 293 283 236 257
796 168 184 177 198
797 284 294 235 258
798 35 29 37 21
799 28 34 38 22
800 15 9 8 11
801 9 8 11 6
802 11 9 6 19
803 11 9 19 24
804 11 9 24 15
805 15 8 10 12
806 8 10 12 5
807 10 12 5 20
808 10 12 20 23
809 10 12 23 15
810 93 101 91 88
811 93 101 88 107
812 101 88 107 87
813 91 93 88 73
814 101 91 88 84
815 88 101 84 87
816 184 216 209 177
817 184 216 177 198
818 305 346 299 317
819 345 304 298 316
820 252 291 279 250
821 292 253 280 251
822 329 327 321 363
823 329 327 363 331
824 327 363 331 357
825 327 363 357 350
826 327 363 350 321
827 329 321 326 362
828 326 329 362 330
829 362 326 330 356
830 362 326 356 308
831 347 350 358 321
832 358 347 321 351
833 321 358 351 362
834 350 358 321 363
835 347 350 321 306
836 321 347 306 308
837 347 321 351 308
838 321 351 308 362
839 351 347 308 334
840 308 351 334 318
841 366 367 401 364
842 401 367 365 364
843 283 259 236 257
844 260 284 235 258
845 210 218 187 178
846 218 187 178 203
847 187 210 178 174
848 178 187 174 138
849 178 187 138 145
850 132 122 130 111
851 132 122 111 121
852 358 321 363 329
853 358 321 329 362
854 363 400 364 366
855 364 400 362 365
856 213 235 249 210
857 236 214 248 209
858 456 479 409 418
859 347 334 328 306
860 328 347 306 332
861 347 334 306 308
862 334 328 306 281
863 328 306 281 275
864 138 187 157 145
865 157 138 145 122
866 313 353 314 292
867 347 350 306 332
868 91 88 84 73
869 88 84 73 72
870 127 117 120 131
871 127 117 131 141
872 117 131 141 147
873 117 120 131 112
874 131 117 112 123
875 84 73 72 63
876 354 314 353 292
877 445 440 409 380
878 257 272 288 250
879 272 288 250 277
880 272 288 277 322
881 257 272 250 230
882 288 257 250 259
883 288 277 322 324
884 288 250 277 291
885 494 452 510 508
886 502 441 483 499
887 252 259 250 226
888 260 253 251 227
889 403 429 417 418
890 499 482 438 483
891 490 508 443 494
892 145 157 122 130
893 145 157 130 156
894 145 157 156 203
895 130 145 156 144
896 145 156 144 194
897 234 218 207 240
898 218 207 240 203
899 27 24 33 44
900 455 500 452 443
901 71 62 53 74
902 63 72 54 73
903 454 443 495 500
904 321 326 362 308
905 460 473 435 418
906 334 306 308 271
907 27 18 23 25
908 18 23 25 12
909 23 25 12 22
910 23 27 25 43
911 312 341 335 257
912 85 102 90 89
913 102 90 89 95
914 85 102 89 86
915 90 85 89 76
916 102 89 86 108
917 102 89 108 95
918 90 89 95 76
919 90 85 76 67
920 95 90 76 92
921 357 342 344 317
922 357 342 317 327
923 317 357 327 320
924 344 357 317 346
925 317 357 320 346
926 342 344 317 290
927 317 342 290 311
928 342 290 311 332
929 496 504 501 438
930 470 464 468 418
931 421 384 385 380
932 466 463 457 424
933 131 168 147 123
934 301 294 249 235
935 293 300 248 236
936 84 91 73 69
937 73 84 69 64
938 69 73 64 57
939 73 84 64 63
940 73 64 57 63
941 64 69 57 49
942 57 64 49 46
943 76 90 67 92
944 308 351 318 356
945 257 250 259 226
946 257 250 226 230
947 108 122 128 121
948 128 108 121 105
949 108 121 105 102
950 108 121 102 111
951 108 121 111 122
952 147 168 177 198
953 373 354 353 292
954 351 308 362 356
955 353 372 373 292
956 454 401 443 455
957 341 315 335 257
958 187 157 145 203
959 250 272 277 264
960 27 33 25 43
961 102 90 95 111
962 90 95 111 92
963 95 102 111 108
964 111 95 108 122
965 111 95 122 116
966 199 226 206 233
967 199 226 233 236
968 226 206 233 238
969 233 226 238 257
970 233 226 257 236
971 226 238 257 230
972 226 206 238 230
973 206 238 230 195
974 238 257 230 272
975 272 250 230 264
976 147 168 198 169
977 147 168 169 123
978 293 262 257 236
979 261 294 258 235
980 470 473 460 418
981 334 328 281 296
982 455 452 400 401
983 306 328 332 275
984 49 57 46 37
985 49 57 37 48
986 37 49 48 30
987 37 49 30 46
988 48 37 30 36
989 49 57 48 69
990 277 322 324 298
991 277 322 298 264
992 277 322 264 272
993 457 437 424 391
994 178 187 145 203
995 487 483 430 431
996 317 342 311 327
997 357 342 327 350
998 2 8 5 10
999 6 8 2 9
1000 279 291 277 250
1001 292 280 278 251
1002 482 431 438 483
1003 198 147 169 140
1004 147 169 140 123
1005 289 276 258 251
1006 289 276 251 278
1007 289 276 278 323
1008 258 289 251 292
1009 278 289 323 325
1010 251 289 278 292
1011 276 258 251 232
1012 258 251 232 227
1013 258 251 227 260
1014 251 276 232 265
1015 258 251 260 292
1016 276 278 323 265
1017 276 278 265 251
1018 278 323 265 299
1019 278 323 299 325
1020 12 20 23 22
1021 12 20 22 16
1022 20 22 16 28
1023 20 23 22 32
1024 22 20 32 31
1025 22 20 31 28
1026 32 22 31 39
1027 32 22 39 25
1028 39 32 25 43
1029 31 32 39 42
1030 32 39 42 43
1031 53 62 58 74
1032 63 54 57 73
1033 127 106 126 120
1034 125 105 128 121
1035 227 200 207 234
1036 227 200 234 235
1037 207 227 234 240
1038 227 234 240 258
1039 227 234 258 235
1040 240 227 258 232
1041 258 240 232 276
1042 240 227 232 207
1043 232 240 207 194
1044 240 232 276 247
1045 342 344 290 307
1046 290 342 307 332
1047 23 25 22 32
1048 23 25 32 43
1049 336 331 329 363
1050 330 336 329 362
1051 156 130 144 129
1052 230 238 272 239
1053 33 27 44 41
1054 33 27 41 43
1055 44 33 41 52
1056 33 41 52 51
1057 41 44 52 60
1058 52 41 60 43
1059 71 62 74 85
1060 74 71 85 89
1061 85 74 89 76
1062 85 74 76 67
1063 74 76 67 55
1064 85 74 67 65
1065 85 74 65 62
1066 74 67 65 58
1067 67 65 58 50
1068 65 58 50 45
1069 65 74 58 62
1070 58 50 45 38
1071 58 50 38 42
1072 50 38 42 31
1073 50 38 31 45
1074 38 42 31 39
1075 38 42 39 55
1076 31 38 39 22
1077 31 38 22 28
1078 31 38 28 45
1079 42 39 55 51
1080 38 42 55 58
1081 58 50 42 67
1082 42 55 58 67
1083 385 384 335 380
1084 277 288 291 324
1085 289 278 292 325
1086 435 452 494 443
1087 483 441 430 431
1088 18 26 33 24
1089 18 26 24 11
1090 26 24 11 19
1091 26 33 24 44
1092 26 24 19 36
1093 26 24 36 44
1094 117 131 147 123
1095 7 9 4 2
1096 10 7 3 2
1097 429 464 417 418
1098 335 315 288 257
1099 304 324 298 277
1100 325 305 299 278
1101 58 65 62 45
1102 64 57 63 46
1103 34 45 38 58
1104 46 35 37 57
1105 55 58 67 74
1106 288 250 291 259
1107 373 289 354 292
1108 120 135 119 126
1109 136 121 118 125
1110 105 108 102 86
1111 101 107 106 87
1112 354 289 314 292
1113 334 308 318 271
1114 89 85 86 71
1115 84 88 87 72
1116 364 363 366 336
1117 362 364 365 336
1118 350 321 306 311
1119 350 321 311 327
1120 311 350 327 342
1121 311 350 342 332
1122 311 350 332 306
1123 21 26 11 19
1124 11 21 19 17
1125 21 19 17 29
1126 21 26 19 36
1127 19 21 36 30
1128 19 21 30 29
1129 6 11 19 17
1130 12 5 20 16
1131 413 431 430 360
1132 227 258 260 235
1133 259 257 226 236
1134 259 312 291 335
1135 313 260 292 258
1136 122 145 130 116
1137 145 130 116 144
1138 130 122 116 111
1139 345 319 316 356
1140 319 316 356 326
1141 316 356 326 308
1142 344 317 290 299
1143 344 317 299 346
1144 299 344 346 323
1145 299 344 323 307
1146 290 344 299 307
1147 299 290 307 265
1148 290 307 265 275
1149 470 432 417 418
1150 322 324 298 343
1151 298 322 343 285
1152 323 299 325 346
1153 454 401 455 438
1154 144 156 129 154
1155 144 156 154 203
1156 129 144 154 143
1157 144 154 143 179
1158 544 548 496 503
1159 326 330 356 319
1160 331 327 357 320
1161 385 335 288 324
1162 332 311 306 275
1163 314 289 258 292
1164 105 99 102 121
1165 100 106 101 120
1166 400 455 401 441
1167 86 82 85 102
1168 83 87 84 101
1169 391 323 379 325
1170 312 259 257 335
1171 328 281 296 297
1172 328 281 297 275
1173 281 296 297 254
1174 297 281 254 275
1175 21 30 29 37
1176 21 30 37 36
1177 30 29 37 46
1178 44 52 60 66
1179 381 424 379 393
1180 313 314 258 292
1181 323 265 299 307
1182 20 10 13 5
1183 9 19 14 6
1184 451 457 393 391
1185 288 335 257 259
1186 409 403 380 345
1187 169 198 140 162
1188 140 169 162 123
1189 37 40 21 36
1190 40 21 36 26
1191 36 40 26 47
1192 37 40 36 48
1193 40 36 48 59
1194 37 40 48 56
1195 40 48 56 61
1196 48 37 56 57
1197 56 48 57 69
1198 322 298 264 285
1199 264 322 285 272
1200 285 264 272 230
1201 298 264 285 282
1202 264 285 282 237
1203 416 413 430 357
1204 230 238 239 195
1205 154 129 143 161
1206 143 154 161 205
1207 161 143 205 204
1208 335 384 291 380
1209 156 145 203 194
1210 316 356 308 318
1211 306 334 281 271
1212 331 360 357 363
1213 359 330 356 362
1214 356 359 362 435
1215 500 452 443 508
1216 130 116 144 129
1217 130 116 129 92
1218 316 345 356 343
1219 356 316 343 318
1220 316 345 343 298
1221 343 316 298 282
1222 345 343 298 324
1223 91 73 69 79
1224 359 365 362 399
1225 359 365 399 432
1226 365 362 399 400
1227 345 324 380 382
1228 324 380 382 385
1229 291 259 335 288
1230 335 291 288 324
1231 69 73 57 56
1232 289 373 379 292
1233 409 418 403 345
1234 417 403 418 345
1235 144 156 203 194
1236 393 381 325 379
1237 111 95 116 92
1238 76 67 55 75
1239 435 452 443 399
1240 435 452 399 362
1241 452 443 399 401
1242 443 435 399 432
1243 399 443 432 365
1244 435 399 432 359
1245 44 33 52 47
1246 52 44 47 66
1247 44 33 47 26
1248 47 44 26 36
1249 116 130 111 92
1250 441 430 431 360
1251 452 455 443 401
1252 382 409 440 380
1253 382 409 380 345
1254 416 391 393 344
1255 443 454 455 500
1256 177 147 198 195
1257 198 177 195 206
1258 195 198 206 238
1259 382 406 380 440
1260 41 33 43 51
1261 43 41 51 52
1262 51 43 52 60
1263 33 43 51 25
1264 43 51 25 39
1265 343 382 322 324
1266 382 322 324 288
1267 441 504 438 499
1268 413 416 393 346
1269 399 443 365 401
1270 116 144 129 109
1271 129 116 109 92
1272 365 399 401 400
1273 145 203 194 178
1274 203 194 178 207
1275 203 194 207 240
1276 91 93 73 79
1277 91 93 79 113
1278 332 311 275 290
1279 323 391 344 361
1280 344 323 361 346
1281 361 344 346 393
1282 346 361 393 325
1283 346 361 325 323
1284 361 393 325 391
1285 361 325 323 391
1286 361 393 391 344
1287 503 454 500 455
1288 503 454 455 496
1289 345 356 343 418
1290 344 357 346 416
1291 298 343 282 285
1292 323 276 265 307
1293 112 117 113 123
1294 117 113 123 147
1295 113 123 147 140
1296 113 112 123 91
1297 113 123 140 162
1298 345 359 356 397
1299 345 359 397 417
1300 359 356 397 435
1301 397 345 417 418
1302 417 397 418 432
1303 417 397 432 359
1304 397 418 432 435
1305 397 418 435 356
1306 432 397 435 359
1307 360 346 357 413
1308 147 198 195 140
1309 380 324 291 335
1310 452 443 508 494
1311 438 441 499 483
1312 491 454 496 438
1313 69 91 79 80
1314 79 69 80 56
1315 91 79 80 123
1316 379 424 391 393
1317 391 379 393 325
1318 44 47 66 59
1319 44 47 59 36
1320 454 455 496 438
1321 144 129 109 143
1322 323 289 379 325
1323 325 381 292 379
1324 397 418 356 345
1325 455 441 496 438
1326 362 359 399 435
1327 203 144 194 179
1328 276 232 265 247
1329 52 51 60 70
1330 60 52 70 66
1331 129 109 143 161
1332 334 281 271 296
1333 281 271 296 254
1334 271 334 296 318
1335 296 271 318 255
1336 42 55 67 68
1337 328 332 275 295
1338 332 275 295 307
1339 43 51 39 42
1340 56 48 69 80
1341 109 143 161 103
1342 144 154 179 203
1343 345 343 324 382
1344 400 364 366 401
1345 400 364 401 365
1346 73 69 79 56
1347 362 399 400 452
1348 399 400 452 401
1349 154 143 179 205
1350 143 179 205 204
1351 409 343 418 345
1352 457 393 391 424
1353 271 296 254 266
1354 271 296 266 255
1355 343 316 282 318
1356 316 282 318 308
1357 282 318 308 271
1358 194 203 179 247
1359 179 205 204 247
1360 366 400 401 438
1361 275 328 295 297
1362 363 400 366 441
1363 382 343 409 345
1364 36 40 47 59
1365 179 154 205 203
1366 198 195 140 186
1367 282 318 271 255
1368 296 297 254 266
1369 297 254 266 263
1370 297 254 263 256
1371 254 266 263 212
1372 263 254 212 256
1373 292 289 325 379
1374 282 343 318 285
1375 318 282 285 255
1376 80 79 56 61
1377 438 441 483 431
1378 295 275 297 256
1379 264 285 237 230
1380 95 116 92 75
1381 276 265 307 247
1382 80 79 61 96
1383 198 140 162 186
1384 48 56 61 80
1385 47 66 59 61
1386 59 47 61 40
1387 61 59 40 48
1388 70 60 66 78
1389 66 70 78 98
1390 60 66 78 44
1391 413 416 346 357
1392 307 290 332 275
1393 140 113 162 96
1394 272 230 239 285
1395 51 43 60 77
1396 76 95 92 75
1397 385 288 382 324
1398 239 230 195 237
1399 380 324 335 385
1400 70 60 78 81
1401 70 60 81 77
1402 232 240 194 247
1403 344 346 393 416
1404 61 59 48 80
1405 67 76 92 75
1406 113 123 162 96
1407 441 357 430 360
1408 123 113 91 79
1409 239 230 237 285
1410 123 113 79 96
1411 275 295 307 231
1412 140 162 186 139
1413 140 162 139 96
1414 162 186 139 208
1415 186 139 208 215
1416 162 186 208 198
1417 139 162 208 155
1418 139 162 155 104
1419 208 139 155 211
1420 61 59 80 104
1421 455 441 438 401
1422 129 109 161 94
1423 203 194 240 247
1424 295 275 256 231
1425 109 129 92 94
1426 116 109 92 75
1427 254 271 266 215
1428 357 430 360 413
1429 70 60 77 51
1430 198 195 186 239
1431 198 195 239 238
1432 51 43 77 68
1433 441 438 401 400
1434 66 78 44 59
1435 66 78 59 104
1436 80 79 96 123
1437 441 438 400 366
1438 441 438 366 360
1439 360 357 363 441
1440 366 360 363 441
1441 438 441 431 360
1442 205 179 203 247
1443 208 186 215 255
1444 208 186 255 239
1445 208 186 239 198
1446 51 43 68 42
1447 42 55 68 51
1448 266 263 212 211
1449 155 139 146 211
1450 195 239 237 186
1451 254 297 275 256
1452 67 55 75 68
1453 55 75 68 51
1454 75 67 68 92
1455 68 75 92 94
1456 68 75 94 77
1457 237 239 285 255
1458 237 239 255 186
1459 255 237 186 215
1460 254 266 212 215
1461 285 237 255 282
1462 109 92 75 94
1463 75 109 94 103
1464 109 94 103 161
1465 143 161 137 204
1466 255 237 215 271
1467 205 161 204 217
1468 204 205 217 256
1469 217 204 256 212
1470 217 204 212 137
1471 217 204 137 161
1472 68 75 77 51
1473 96 162 104 123
1474 104 96 123 80
1475 104 96 80 61
1476 139 155 146 124
1477 146 139 124 98
1478 124 146 98 110
1479 155 146 124 172
1480 98 124 110 104
1481 146 124 172 110
1482 110 98 104 78
1483 139 155 124 104
1484 124 172 110 155
1485 155 146 172 211
1486 124 110 104 155
1487 78 66 98 104
1488 172 146 110 151
1489 98 110 146 97
1490 98 110 97 78
1491 98 124 104 139
1492 81 70 77 97
1493 146 172 211 185
1494 211 146 185 215
1495 161 143 137 103
1496 70 81 78 97
1497 66 59 61 104
1498 146 172 185 225
1499 172 211 185 225
1500 211 185 225 212
1501 185 225 212 146
1502 211 185 212 215
1503 146 185 215 212
1504 137 217 161 159
1505 137 217 159 151
1506 161 137 159 115
1507 78 70 97 98
1508 137 159 115 151
1509 225 211 212 263
1510 212 225 263 217
1511 212 225 217 151
1512 212 225 151 146
1513 212 211 215 266
1514 211 215 266 255
1515 211 146 215 139
1516 172 146 151 225
1517 81 78 97 110
1518 211 215 255 208
1519 211 215 208 139
1520 215 266 255 271
1521 103 94 75 77
1522 103 94 77 115
1523 103 94 115 161
1524 77 103 115 97
1525 103 115 97 137
1526 103 115 137 161
1527 162 96 104 139
1528 96 104 139 98
1529 96 104 98 66
1530 104 96 61 66
1531 194 232 247 231
1532 232 247 231 265
1533 247 194 231 179
1534 231 247 179 204
1535 247 231 265 307
1536 307 265 275 231
1537 77 81 97 115
1538 255 237 271 282
1539 81 97 115 114
1540 81 97 114 110
1541 97 115 114 151
1542 97 114 110 151
1543 231 247 204 256
1544 204 231 256 254
1545 231 247 256 295
1546 212 263 256 217
1547 77 70 51 75
1548 204 205 256 247
1549 70 77 97 103
1550 254 212 256 204
1551 247 231 307 295
1552 275 256 231 254
1553 115 114 151 159
1554 97 115 151 137
1555 114 110 151 172
1556 217 159 151 225
1557 70 77 103 75
1558 110 97 151 146
1559 137 217 151 212
1560 114 151 159 165
1561 114 151 165 172
1562 151 159 165 225
1563 165 151 225 172
EndElements

Dirichlet
163
180
191
209
223
233
244
257
262
270
287
288
303
315
322
340
343
355
356
362
364
371
376
382
385
390
400
406
408
409
418
423
428
435
444
450
452
455
456
467
468
473
481
488
494
498
500
507
510
514
520
528
535
541
549
550
EndDirichlet

Neumann
1
3
7
10
13
20
28
31
45
50
62
65
82
85
99
102
118
121
133
136
158
166
171
EndNeumann
